#experimento realizado para conocer el impacto de las siguientes variables
# X1=fuerza      X2=potencia
# X3=temperatura X4=tiempo   Y=resistencia
obs<-c(1,2,3,4,5,6,7,8,9,10,11,12,13,14,15,16,17,18,19,20,21,22,23,24,25,26,27,28,29,30)
X1<-c(30,40,30,40,30,40,30,40,30,40,30,40,30,40,30,40,25,45,35,35,35,35,35,35,35,35,35,35,35,35)
X2<-c(60,60,90,90,60,60,90,90,60,60,90,90,60,60,90,90,75,75,45,105,75,75,75,75,75,75,75,75,75,75)
X3<-c(175,175,175,175,225,225,225,225,175,175,175,175,225,225,225,225,200,200,200,200,150,250,200,200,200,200,200,200,200,200)
X4<-c(15,15,15,15,15,15,15,15,25,25,25,25,25,25,25,25,20,20,20,20,20,20,10,30,20,20,20,20,20,20)
Y<-c(26.2,26.3,39.8,39.7,38.6,35.5,48.8,37.8,26.6,23.4,38.6,52.1,39.5,32.3,43,56,35.2,46.9,22.7,58.7,34.5,44,35.7,41.8,36.7,37.6,40.3,46,27.8,40.3)

m<-lm(Y~X1+X2+X3+X4)
summary(m)

B0<-(-37.47)
B1<-.21167
B2<-.49833
B3<-.12967
B4<-.25833

#estimacion para Yg
Yg<-B0+B1*35+B2*75+B3*200+B4*20

#valores que nos aroja el lm
names(m)
m$coefficients #nos aroja las Betas
m$fitted.values #nos da el vector con las 30 Yg estimadas

#**************************PRACTICA 5*****************************************

R2<-.7142
K<-4
n<-30

f<-(R2/K)/((1-R2)/(n-(K+1)))

# f= 15.61
